0
SECTION
2
HEADER
9
$INSUNITS
70
1
9
$ACADVER
1
AC1014
9
$HANDSEED
5
FFFF
0
ENDSEC
0
SECTION
2
TABLES
0
TABLE
2
VPORT
5
8
100
AcDbSymbolTable
0
ENDTAB
0
TABLE
2
LTYPE
5
5
100
AcDbSymbolTable
0
LTYPE
5
14
100
AcDbSymbolTableRecord
100
AcDbLinetypeTableRecord
2
BYBLOCK
70
0
0
LTYPE
5
15
100
AcDbSymbolTableRecord
100
AcDbLinetypeTableRecord
2
BYLAYER
70
0
0
ENDTAB
0
TABLE
2
LAYER
5
2
100
AcDbSymbolTable
70
2
0
LAYER
5
50
100
AcDbSymbolTableRecord
100
AcDbLayerTableRecord
2
0
70
0
6
CONTINUOUS
0
ENDTAB
0
TABLE
2
STYLE
5
3
100
AcDbSymbolTable
70
1
0
STYLE
5
11
100
AcDbSymbolTableRecord
100
AcDbTextStyleTableRecord
2
STANDARD
70
0
0
ENDTAB
0
TABLE
2
VIEW
5
6
100
AcDbSymbolTable
70
0
0
ENDTAB
0
TABLE
2
UCS
5
7
100
AcDbSymbolTable
70
0
0
ENDTAB
0
TABLE
2
APPID
5
9
100
AcDbSymbolTable
70
2
0
APPID
5
12
100
AcDbSymbolTableRecord
100
AcDbRegAppTableRecord
2
ACAD
70
0
0
ENDTAB
0
TABLE
2
DIMSTYLE
5
A
100
AcDbSymbolTable
70
1
0
ENDTAB
0
TABLE
2
BLOCK_RECORD
5
1
100
AcDbSymbolTable
70
1
0
BLOCK_RECORD
5
1F
100
AcDbSymbolTableRecord
100
AcDbBlockTableRecord
2
*MODEL_SPACE
0
BLOCK_RECORD
5
1B
100
AcDbSymbolTableRecord
100
AcDbBlockTableRecord
2
*PAPER_SPACE
0
ENDTAB
0
ENDSEC
0
SECTION
2
BLOCKS
0
BLOCK
5
20
100
AcDbEntity
100
AcDbBlockBegin
2
*MODEL_SPACE
0
ENDBLK
5
21
100
AcDbEntity
100
AcDbBlockEnd
0
BLOCK
5
1C
100
AcDbEntity
100
AcDbBlockBegin
2
*PAPER_SPACE
0
ENDBLK
5
1D
100
AcDbEntity
100
AcDbBlockEnd
0
ENDSEC
0
SECTION
2
ENTITIES
0
CIRCLE
5
100
100
AcDbEntity
8
0
100
AcDbCircle
10
-2.3999999999999999
20
-2.4999999999999996
30
0
40
0.12800000000000003
210
0
220
0
230
1
0
CIRCLE
5
101
100
AcDbEntity
8
0
100
AcDbCircle
10
-3.5999999999999996
20
-2.4999999999999996
30
0
40
0.25299999999999961
210
0
220
0
230
1
0
CIRCLE
5
102
100
AcDbEntity
8
0
100
AcDbCircle
10
-1.2
20
-2.4999999999999996
30
0
40
0.12800000000000003
210
0
220
0
230
1
0
CIRCLE
5
103
100
AcDbEntity
8
0
100
AcDbCircle
10
-4.7999999999999998
20
-2.4999999999999996
30
0
40
0.37799999999999989
210
0
220
0
230
1
0
CIRCLE
5
104
100
AcDbEntity
8
0
100
AcDbCircle
10
-5.3999999999999986
20
-4.25
30
0
40
0.12999999999999984
210
0
220
0
230
1
0
CIRCLE
5
105
100
AcDbEntity
8
0
100
AcDbCircle
10
-5.3999999999999986
20
-0.75000000000000022
30
0
40
0.12999999999999984
210
0
220
0
230
1
0
CIRCLE
5
106
100
AcDbEntity
8
0
100
AcDbCircle
10
-0.60000000000000131
20
-4.25
30
0
40
0.13
210
0
220
0
230
1
0
CIRCLE
5
107
100
AcDbEntity
8
0
100
AcDbCircle
10
-0.60000000000000275
20
-0.75000000000000122
30
0
40
0.13
210
0
220
0
230
1
0
LWPOLYLINE
5
108
100
AcDbEntity
8
0
100
AcDbPolyline
90
8
70
1
43
0.0
10
-8.7419135797256413e-17
20
-4.7999999999999998
42
-0.41421356237309803
10
-0.20000000000000034
20
-4.9999999999999991
10
-5.7999999999999989
20
-5
42
-0.41421356237309304
10
-6
20
-4.7999999999999998
10
-5.9999999999999991
20
-0.20000000000000004
42
-0.41421356237309359
10
-5.7999999999999989
20
0
10
-0.20000000000000004
20
0
42
-0.41421356237309459
10
-1.2246467991473493e-18
20
-0.19999999999999962
0
LWPOLYLINE
5
109
100
AcDbEntity
8
0
100
AcDbPolyline
90
8
70
1
43
0.0
10
-4.5499999999999963
20
-4.6249999999999947
10
-1.4499999999999966
20
-4.6249999999999973
42
0.41421356237309737
10
-1.2499999999999962
20
-4.4249999999999963
10
-1.2499999999999998
20
-3.8249999999999962
42
0.41421356237309304
10
-1.4499999999999997
20
-3.6249999999999973
10
-4.5499999999999989
20
-3.6249999999999982
42
0.41421356237309609
10
-4.7499999999999991
20
-3.8249999999999984
10
-4.7499999999999956
20
-4.4249999999999963
42
0.41421356237309404
0
LWPOLYLINE
5
110
100
AcDbEntity
8
0
100
AcDbPolyline
90
8
70
1
43
0.0
10
-4.7500000000000018
20
-0.5750000000000054
10
-4.7500000000000009
20
-1.1750000000000023
42
0.41421356237309476
10
-4.5500000000000007
20
-1.375000000000002
10
-1.450000000000002
20
-1.375000000000002
42
0.41421356237309503
10
-1.250000000000002
20
-1.175000000000002
10
-1.250000000000002
20
-0.57500000000000628
42
0.41421356237309515
10
-1.450000000000002
20
-0.37500000000000616
10
-4.5500000000000007
20
-0.37500000000000533
42
0.41421356237309531
0
ENDSEC
0
SECTION
2
OBJECTS
0
DICTIONARY
5
C
100
AcDbDictionary
3
ACAD_GROUP
350
D
3
ACAD_MLINESTYLE
350
17
0
DICTIONARY
5
D
100
AcDbDictionary
0
DICTIONARY
5
1A
330
C
100
AcDbDictionary
0
DICTIONARY
5
17
100
AcDbDictionary
0
ENDSEC
0
EOF
