0
SECTION
2
HEADER
9
$INSUNITS
70
1
9
$ACADVER
1
AC1014
9
$HANDSEED
5
FFFF
0
ENDSEC
0
SECTION
2
TABLES
0
TABLE
2
VPORT
5
8
100
AcDbSymbolTable
0
ENDTAB
0
TABLE
2
LTYPE
5
5
100
AcDbSymbolTable
0
LTYPE
5
14
100
AcDbSymbolTableRecord
100
AcDbLinetypeTableRecord
2
BYBLOCK
70
0
0
LTYPE
5
15
100
AcDbSymbolTableRecord
100
AcDbLinetypeTableRecord
2
BYLAYER
70
0
0
ENDTAB
0
TABLE
2
LAYER
5
2
100
AcDbSymbolTable
70
2
0
LAYER
5
50
100
AcDbSymbolTableRecord
100
AcDbLayerTableRecord
2
0
70
0
6
CONTINUOUS
0
ENDTAB
0
TABLE
2
STYLE
5
3
100
AcDbSymbolTable
70
1
0
STYLE
5
11
100
AcDbSymbolTableRecord
100
AcDbTextStyleTableRecord
2
STANDARD
70
0
0
ENDTAB
0
TABLE
2
VIEW
5
6
100
AcDbSymbolTable
70
0
0
ENDTAB
0
TABLE
2
UCS
5
7
100
AcDbSymbolTable
70
0
0
ENDTAB
0
TABLE
2
APPID
5
9
100
AcDbSymbolTable
70
2
0
APPID
5
12
100
AcDbSymbolTableRecord
100
AcDbRegAppTableRecord
2
ACAD
70
0
0
ENDTAB
0
TABLE
2
DIMSTYLE
5
A
100
AcDbSymbolTable
70
1
0
ENDTAB
0
TABLE
2
BLOCK_RECORD
5
1
100
AcDbSymbolTable
70
1
0
BLOCK_RECORD
5
1F
100
AcDbSymbolTableRecord
100
AcDbBlockTableRecord
2
*MODEL_SPACE
0
BLOCK_RECORD
5
1B
100
AcDbSymbolTableRecord
100
AcDbBlockTableRecord
2
*PAPER_SPACE
0
ENDTAB
0
ENDSEC
0
SECTION
2
BLOCKS
0
BLOCK
5
20
100
AcDbEntity
100
AcDbBlockBegin
2
*MODEL_SPACE
0
ENDBLK
5
21
100
AcDbEntity
100
AcDbBlockEnd
0
BLOCK
5
1C
100
AcDbEntity
100
AcDbBlockBegin
2
*PAPER_SPACE
0
ENDBLK
5
1D
100
AcDbEntity
100
AcDbBlockEnd
0
ENDSEC
0
SECTION
2
ENTITIES
0
CIRCLE
5
100
100
AcDbEntity
8
0
100
AcDbCircle
10
-2.3999999999999999
20
-2.4999999999999996
30
0
40
0.12800000000000003
210
0
220
0
230
1
0
CIRCLE
5
101
100
AcDbEntity
8
0
100
AcDbCircle
10
-3.5999999999999996
20
-2.4999999999999996
30
0
40
0.25299999999999961
210
0
220
0
230
1
0
CIRCLE
5
102
100
AcDbEntity
8
0
100
AcDbCircle
10
-1.2
20
-2.4999999999999996
30
0
40
0.12800000000000003
210
0
220
0
230
1
0
CIRCLE
5
103
100
AcDbEntity
8
0
100
AcDbCircle
10
-4.7999999999999998
20
-2.4999999999999996
30
0
40
0.37799999999999989
210
0
220
0
230
1
0
LINE
5
104
100
AcDbEntity
8
0
100
AcDbLine
10
-1.2
20
-2.4999999999999996
30
0
11
-1.1999999999999995
21
-4.9999999999999991
31
0
0
LINE
5
105
100
AcDbEntity
8
0
100
AcDbLine
10
-2.3999999999999999
20
-2.4999999999999996
30
0
11
-2.399999999999999
21
-4.9999999999999991
31
0
0
LINE
5
106
100
AcDbEntity
8
0
100
AcDbLine
10
-3.5999999999999996
20
-2.4999999999999996
30
0
11
-3.5999999999999992
21
-4.9999999999999991
31
0
0
LINE
5
107
100
AcDbEntity
8
0
100
AcDbLine
10
-4.7999999999999998
20
-2.4999999999999996
30
0
11
-4.7999999999999998
21
-4.9999999999999991
31
0
0
LINE
5
108
100
AcDbEntity
8
0
100
AcDbLine
10
-5.5112063872183469e-17
20
-3.1000000000000036
30
0
11
-6
21
-3.1000000000000028
31
0
0
LINE
5
109
100
AcDbEntity
8
0
100
AcDbLine
10
-3.2307071925072994e-17
20
-1.8999999999999984
30
0
11
-5.9999999999999991
21
-1.8999999999999992
31
0
0
LINE
5
110
100
AcDbEntity
8
0
100
AcDbLine
10
-4.7999999999999998
20
-2.4999999999999996
30
0
11
-4.8000000000000007
21
0
31
0
0
LINE
5
111
100
AcDbEntity
8
0
100
AcDbLine
10
-3.5999999999999996
20
-2.4999999999999996
30
0
11
-3.600000000000001
21
0
31
0
0
LINE
5
112
100
AcDbEntity
8
0
100
AcDbLine
10
-2.3999999999999999
20
-2.4999999999999996
30
0
11
-2.4000000000000004
21
0
31
0
0
LINE
5
113
100
AcDbEntity
8
0
100
AcDbLine
10
-1.2
20
-2.4999999999999996
30
0
11
-1.2000000000000004
21
0
31
0
0
LWPOLYLINE
5
114
100
AcDbEntity
8
0
100
AcDbPolyline
90
8
70
1
43
0.0
10
-4.7500000000000018
20
-0.5750000000000054
10
-4.7500000000000009
20
-1.1750000000000023
42
0.41421356237309476
10
-4.5500000000000007
20
-1.375000000000002
10
-1.450000000000002
20
-1.375000000000002
42
0.41421356237309503
10
-1.250000000000002
20
-1.175000000000002
10
-1.250000000000002
20
-0.57500000000000628
42
0.41421356237309515
10
-1.450000000000002
20
-0.37500000000000616
10
-4.5500000000000007
20
-0.37500000000000533
42
0.41421356237309531
0
LWPOLYLINE
5
115
100
AcDbEntity
8
0
100
AcDbPolyline
90
8
70
1
43
0.0
10
-4.5499999999999963
20
-4.6249999999999947
10
-1.4499999999999966
20
-4.6249999999999973
42
0.41421356237309737
10
-1.2499999999999962
20
-4.4249999999999963
10
-1.2499999999999998
20
-3.8249999999999962
42
0.41421356237309304
10
-1.4499999999999997
20
-3.6249999999999973
10
-4.5499999999999989
20
-3.6249999999999982
42
0.41421356237309609
10
-4.7499999999999991
20
-3.8249999999999984
10
-4.7499999999999956
20
-4.4249999999999963
42
0.41421356237309404
0
CIRCLE
5
116
100
AcDbEntity
8
0
100
AcDbCircle
10
-5.3999999999999986
20
-4.25
30
0
40
0.12999999999999984
210
0
220
0
230
1
0
CIRCLE
5
117
100
AcDbEntity
8
0
100
AcDbCircle
10
-5.3999999999999986
20
-0.75000000000000022
30
0
40
0.12999999999999984
210
0
220
0
230
1
0
CIRCLE
5
118
100
AcDbEntity
8
0
100
AcDbCircle
10
-0.60000000000000131
20
-4.25
30
0
40
0.13
210
0
220
0
230
1
0
CIRCLE
5
119
100
AcDbEntity
8
0
100
AcDbCircle
10
-0.60000000000000275
20
-0.75000000000000122
30
0
40
0.13
210
0
220
0
230
1
0
LWPOLYLINE
5
120
100
AcDbEntity
8
0
100
AcDbPolyline
90
8
70
1
43
0.0
10
0
20
-0.20000000000000034
10
-8.7419135797256413e-17
20
-4.7999999999999998
42
-0.41421356237309803
10
-0.20000000000000034
20
-4.9999999999999991
10
-5.7999999999999989
20
-5
42
-0.41421356237309304
10
-6
20
-4.7999999999999998
10
-5.9999999999999991
20
-0.20000000000000004
42
-0.41421356237309359
10
-5.7999999999999989
20
0
10
-0.19999999999999998
20
0
42
-0.41421356237309553
0
LINE
5
121
100
AcDbEntity
8
0
100
AcDbLine
10
-3.3316929064397729
20
-3.2000000000000033
30
0
11
-3.8683070935602255
21
-3.0000000000000031
31
0
0
LINE
5
122
100
AcDbEntity
8
0
100
AcDbLine
10
-0.84363513969060977
20
-3.2000000000000042
30
0
11
-1.55636486030939
21
-3.0000000000000031
31
0
0
LINE
5
123
100
AcDbEntity
8
0
100
AcDbLine
10
-2.1215482193653976
20
-3.2000000000000024
30
0
11
-2.6784517806346022
21
-3.0000000000000031
31
0
0
LINE
5
124
100
AcDbEntity
8
0
100
AcDbLine
10
-4.3958333409677337
20
-1.9999999999999989
30
0
11
-5.2041666590322659
21
-1.7999999999999989
31
0
0
LINE
5
125
100
AcDbEntity
8
0
100
AcDbLine
10
-0.64827411118454814
20
-1.9999999999999989
30
0
11
-1.7517258888154517
21
-1.7999999999999989
31
0
0
LINE
5
126
100
AcDbEntity
8
0
100
AcDbLine
10
-2.0499999770967978
20
-1.9999999999999989
30
0
11
-2.750000022903202
21
-1.7999999999999989
31
0
0
LINE
5
127
100
AcDbEntity
8
0
100
AcDbLine
10
-3.2583333165626822
20
-1.9999999999999991
30
0
11
-3.9416666834373171
21
-1.7999999999999989
31
0
0
LINE
5
128
100
AcDbEntity
8
0
100
AcDbLine
10
-4.3749999688366268
20
-3.2000000000000024
30
0
11
-5.2250000311633729
21
-3.0000000000000031
31
0
0
LINE
5
129
100
AcDbEntity
8
0
100
AcDbLine
10
-0.84416201227293264
20
-3.0674540703690929
30
0
11
-0.84416201227293264
21
-3.0341207359719498
31
0
0
LINE
5
130
100
AcDbEntity
8
0
100
AcDbLine
10
-0.91082868106721915
20
-3.0341207359719498
30
0
11
-0.91082868106721915
21
-3.0507874031705211
31
0
0
LINE
5
131
100
AcDbEntity
8
0
100
AcDbLine
10
-0.87749534667007589
20
-3.0841207434342635
30
0
11
-0.85249534587221842
21
-3.0841207434342635
31
0
0
ARC
5
132
100
AcDbEntity
8
0
100
AcDbCircle
10
-0.93060625899495131
20
-3.0722541919843449
30
0
40
0.086577418516939869
210
0
220
0
230
1
100
AcDbArc
50
-65.105795291712099
51
3.1782862122504381
0
ARC
5
133
100
AcDbEntity
8
0
100
AcDbCircle
10
-0.87749534667007589
20
-3.0341207359719498
30
0
40
0.033333334397143262
210
0
220
0
230
1
100
AcDbArc
50
0
51
180
0
ARC
5
134
100
AcDbEntity
8
0
100
AcDbCircle
10
-0.87749534667007589
20
-3.0507874031705211
30
0
40
0.033333334397143262
210
0
220
0
230
1
100
AcDbArc
50
180
51
270
0
LINE
5
135
100
AcDbEntity
8
0
100
AcDbLine
10
-1.0274953514572207
20
-3.0007874015748062
30
0
11
-0.96082868266293409
21
-3.0007874015748062
31
0
0
LINE
5
136
100
AcDbEntity
8
0
100
AcDbLine
10
-0.96082868266293409
20
-3.0007874015748062
30
0
11
-1.0191620237245336
21
-3.0924540711669501
31
0
0
ARC
5
137
100
AcDbEntity
8
0
100
AcDbCircle
10
-0.98263576941227371
20
-3.1192939664435233
30
0
40
0.045327113657735597
210
0
220
0
230
1
100
AcDbArc
50
143.6911430847324
51
188.23637570973017
0
ARC
5
138
100
AcDbEntity
8
0
100
AcDbCircle
10
-0.99416201706007734
20
-3.1159738938639516
30
0
40
0.034747894223113134
210
0
220
0
230
1
100
AcDbArc
50
196.40471015160341
51
343.59529764155491
0
LINE
5
139
100
AcDbEntity
8
0
100
AcDbLine
10
-1.0774953530529354
20
-3.0507874031705211
30
0
11
-1.1441620218472219
21
-3.0507874031705211
31
0
0
LINE
5
140
100
AcDbEntity
8
0
100
AcDbLine
10
-1.1941620351761346
20
-3.1174540719648078
30
0
11
-1.227495369573278
21
-3.150787406361951
31
0
0
LINE
5
141
100
AcDbEntity
8
0
100
AcDbLine
10
-1.227495369573278
20
-3.150787406361951
30
0
11
-1.227495369573278
21
-3.0257874082392626
31
0
0
LINE
5
142
100
AcDbEntity
8
0
100
AcDbLine
10
-1.227495369573278
20
-3.0257874082392626
30
0
11
-1.227495369573278
21
-3.0007874015748062
31
0
0
LINE
5
143
100
AcDbEntity
8
0
100
AcDbLine
10
-1.2774953829021907
20
-3.1174540719648078
30
0
11
-1.3108287407657295
21
-3.150787406361951
31
0
0
LINE
5
144
100
AcDbEntity
8
0
100
AcDbLine
10
-1.3108287407657295
20
-3.150787406361951
30
0
11
-1.3108287407657295
21
-3.0257874082392626
31
0
0
LINE
5
145
100
AcDbEntity
8
0
100
AcDbLine
10
-1.3108287407657295
20
-3.0257874082392626
30
0
11
-1.3108287407657295
21
-3.0007874015748062
31
0
0
LINE
5
146
100
AcDbEntity
8
0
100
AcDbLine
10
-1.3608287306282465
20
-3.0007874015748062
30
0
11
-1.402495381024879
21
-3.0007874015748062
31
0
0
LINE
5
147
100
AcDbEntity
8
0
100
AcDbLine
10
-1.4274953994225332
20
-3.0341207359719498
30
0
11
-1.4274953994225332
21
-3.0507874031705211
31
0
0
LINE
5
148
100
AcDbEntity
8
0
100
AcDbLine
10
-1.402495381024879
20
-3.0841207434342635
30
0
11
-1.3608287306282465
21
-3.0841207434342635
31
0
0
LINE
5
149
100
AcDbEntity
8
0
100
AcDbLine
10
-1.3608287306282465
20
-3.0841207434342635
30
0
11
-1.3608287306282465
21
-3.150787406361951
31
0
0
LINE
5
150
100
AcDbEntity
8
0
100
AcDbLine
10
-1.3608287306282465
20
-3.150787406361951
30
0
11
-1.4274953994225332
21
-3.150787406361951
31
0
0
ARC
5
151
100
AcDbEntity
8
0
100
AcDbCircle
10
-1.3918726600061253
20
-3.0347961105699648
30
0
40
0.035629124173344899
210
0
220
0
230
1
100
AcDbArc
50
107.34634922934356
51
178.91385448480574
0
ARC
5
152
100
AcDbEntity
8
0
100
AcDbCircle
10
-1.3918726600061253
20
-3.0501120285725061
30
0
40
0.035629141083906815
210
0
220
0
230
1
100
AcDbArc
50
181.08614551519426
51
252.65365358342783
0
ARC
5
153
100
AcDbEntity
8
0
100
AcDbCircle
10
-1.5108287002157978
20
-3.0280851672953539
30
0
40
0.027166526969962329
210
0
220
-0
230
1
100
AcDbArc
50
23.037317834060364
51
156.96268353243002
0
ARC
5
154
100
AcDbEntity
8
0
100
AcDbCircle
10
-1.3341755515947118
20
-3.0757874039683788
30
0
40
0.20992086635430038
210
0
220
0
230
1
100
AcDbArc
50
163.86613547217732
51
196.13386304605385
0
ARC
5
155
100
AcDbEntity
8
0
100
AcDbCircle
10
-1.5108287002157978
20
-3.1238104145357961
30
0
40
0.027042636846985175
210
0
220
0
230
1
100
AcDbArc
50
202.4118557418721
51
337.58810528539385
0
ARC
5
156
100
AcDbEntity
8
0
100
AcDbCircle
10
-1.6874819427024665
20
-3.0757874039683788
30
0
40
0.20992095856590215
210
0
220
0
230
1
100
AcDbArc
50
-16.133860195613231
51
16.133857584130332
0
LINE
5
157
100
AcDbEntity
8
0
100
AcDbLine
10
-0.64827411118454814
20
-1.9174540719648037
30
0
11
-0.6816074455816914
21
-1.950787406361947
31
0
0
LINE
5
158
100
AcDbEntity
8
0
100
AcDbLine
10
-0.6816074455816914
20
-1.950787406361947
30
0
11
-0.6816074455816914
21
-1.8257874082392587
31
0
0
LINE
5
159
100
AcDbEntity
8
0
100
AcDbLine
10
-0.6816074455816914
20
-1.8257874082392587
30
0
11
-0.6816074455816914
21
-1.8007874015748022
31
0
0
LINE
5
160
100
AcDbEntity
8
0
100
AcDbLine
10
-0.73160745304400521
20
-1.8007874015748022
30
0
11
-0.78160744877312127
21
-1.950787406361947
31
0
0
LINE
5
161
100
AcDbEntity
8
0
100
AcDbLine
10
-0.8899407914304357
20
-1.8007874015748022
30
0
11
-0.8899407914304357
21
-1.8674540703690887
31
0
0
LINE
5
162
100
AcDbEntity
8
0
100
AcDbLine
10
-0.86494079649917721
20
-1.950787406361947
30
0
11
-0.83160746210203396
21
-1.8341207359719456
31
0
0
LINE
5
163
100
AcDbEntity
8
0
100
AcDbLine
10
-0.83160746210203396
20
-1.8341207359719456
30
0
11
-0.9149408098280899
21
-1.8341207359719456
31
0
0
LINE
5
164
100
AcDbEntity
8
0
100
AcDbLine
10
-1.0316074684848935
20
-1.8007874015748022
30
0
11
-0.99827413408775023
21
-1.8007874015748022
31
0
0
LINE
5
165
100
AcDbEntity
8
0
100
AcDbLine
10
-0.96494079969060698
20
-1.8341207359719456
30
0
11
-0.96494079969060698
21
-1.9174540719648037
31
0
0
LINE
5
166
100
AcDbEntity
8
0
100
AcDbLine
10
-0.99827413408775023
20
-1.950787406361947
30
0
11
-1.0316074684848935
21
-1.950787406361947
31
0
0
ARC
5
167
100
AcDbEntity
8
0
100
AcDbCircle
10
-0.99827413408775023
20
-1.8341207359719456
30
0
40
0.033333334397143262
210
0
220
0
230
1
100
AcDbArc
50
0
51
90
0
ARC
5
168
100
AcDbEntity
8
0
100
AcDbCircle
10
-0.99827413408775023
20
-1.9174540719648037
30
0
40
0.033333334397143262
210
0
220
0
230
1
100
AcDbArc
50
-90
51
0
0
LINE
5
169
100
AcDbEntity
8
0
100
AcDbLine
10
-1.0816074818138062
20
-1.8007874015748022
30
0
11
-1.0816074818138062
21
-1.9257873996974906
31
0
0
LINE
5
170
100
AcDbEntity
8
0
100
AcDbLine
10
-1.0816074818138062
20
-1.9257873996974906
30
0
11
-1.0816074818138062
21
-1.950787406361947
31
0
0
LINE
5
171
100
AcDbEntity
8
0
100
AcDbLine
10
-1.0816074818138062
20
-1.9007874047662321
30
0
11
-1.1232741322104385
21
-1.9007874047662321
31
0
0
LINE
5
172
100
AcDbEntity
8
0
100
AcDbLine
10
-1.1482741506080927
20
-1.8757874039683746
30
0
11
-1.1482741506080927
21
-1.8007874015748022
31
0
0
ARC
5
173
100
AcDbEntity
8
0
100
AcDbCircle
10
-1.1232741322104385
20
-1.8757874039683746
30
0
40
0.025000018397654134
210
0
220
0
230
1
100
AcDbArc
50
180
51
270
0
LINE
5
174
100
AcDbEntity
8
0
100
AcDbLine
10
-1.2399407908672422
20
-1.8007874015748022
30
0
11
-1.2232741588682639
21
-1.8007874015748022
31
0
0
LINE
5
175
100
AcDbEntity
8
0
100
AcDbLine
10
-1.1982741404706099
20
-1.8257874082392587
30
0
11
-1.1982741404706099
21
-1.8674540703690887
31
0
0
LINE
5
176
100
AcDbEntity
8
0
100
AcDbLine
10
-1.2316074983341487
20
-1.9007874047662321
30
0
11
-1.2649408092648964
21
-1.9007874047662321
31
0
0
LINE
5
177
100
AcDbEntity
8
0
100
AcDbLine
10
-1.2649408092648964
20
-1.9007874047662321
30
0
11
-1.2649408092648964
21
-1.8174540687733738
31
0
0
ARC
5
178
100
AcDbEntity
8
0
100
AcDbCircle
10
-1.2399407908672422
20
-1.8257874082392587
30
0
40
0.025000006664456342
210
0
220
-0
230
1
100
AcDbArc
50
90
51
180.00000999316433
0
ARC
5
179
100
AcDbEntity
8
0
100
AcDbCircle
10
-1.2232741588682639
20
-1.8257874082392587
30
0
40
0.025000018397654134
210
0
220
0
230
1
100
AcDbArc
50
0
51
90
0
ARC
5
180
100
AcDbEntity
8
0
100
AcDbCircle
10
-1.2316074983341487
20
-1.8674540703690887
30
0
40
0.033333334397143262
210
0
220
0
230
1
100
AcDbArc
50
-90
51
0
0
ARC
5
181
100
AcDbEntity
8
0
100
AcDbCircle
10
-1.2816074881966657
20
-1.8174540687733738
30
0
40
0.016666678931769423
210
0
220
0
230
1
100
AcDbArc
50
0
51
90.000000683244963
0
LINE
5
182
100
AcDbEntity
8
0
100
AcDbLine
10
-1.3316074780591829
20
-1.8007874015748022
30
0
11
-1.3316074780591829
21
-1.9007874047662321
31
0
0
LINE
5
183
100
AcDbEntity
8
0
100
AcDbLine
10
-1.3316074780591829
20
-1.9007874047662321
30
0
11
-1.4066074863193541
21
-1.9007874047662321
31
0
0
LINE
5
184
100
AcDbEntity
8
0
100
AcDbLine
10
-1.4316074577842171
20
-1.8757874039683746
30
0
11
-1.4316074577842171
21
-1.8007874015748022
31
0
0
LINE
5
185
100
AcDbEntity
8
0
100
AcDbLine
10
-1.3816074679216999
20
-1.8007874015748022
30
0
11
-1.3816074679216999
21
-1.9007874047662321
31
0
0
ARC
5
186
100
AcDbEntity
8
0
100
AcDbCircle
10
-1.4066074863193541
20
-1.8757874039683746
30
0
40
0.02499997146486297
210
0
220
0
230
1
100
AcDbArc
50
180
51
270
0
LINE
5
187
100
AcDbEntity
8
0
100
AcDbLine
10
-1.4982741735112948
20
-1.8007874015748022
30
0
11
-1.4982741735112948
21
-1.9174540719648037
31
0
0
LINE
5
188
100
AcDbEntity
8
0
100
AcDbLine
10
-1.4816074945795252
20
-1.9007874047662321
30
0
11
-1.5316075313748336
21
-1.9007874047662321
31
0
0
ARC
5
189
100
AcDbEntity
8
0
100
AcDbCircle
10
-1.5316075313748336
20
-1.9174540719648037
30
0
40
0.033333334397143297
210
0
220
0
230
1
100
AcDbArc
50
-89.999997495521669
51
0
0
LINE
5
190
100
AcDbEntity
8
0
100
AcDbLine
10
-1.5816074743045596
20
-1.8507874031705172
30
0
11
-1.6482740961660549
21
-1.8507874031705172
31
0
0
LINE
5
191
100
AcDbEntity
8
0
100
AcDbLine
10
-1.6482740961660549
20
-1.8507874031705172
30
0
11
-1.6482740961660549
21
-1.8674540703690887
31
0
0
LINE
5
192
100
AcDbEntity
8
0
100
AcDbLine
10
-1.5816074743045596
20
-1.8674540703690887
30
0
11
-1.5816074743045596
21
-1.8257874082392587
31
0
0
LINE
5
193
100
AcDbEntity
8
0
100
AcDbLine
10
-1.6066074457694226
20
-1.8007874015748022
30
0
11
-1.6482740961660549
21
-1.8007874015748022
31
0
0
ARC
5
194
100
AcDbEntity
8
0
100
AcDbCircle
10
-1.6149408321680985
20
-1.8674540703690887
30
0
40
0.033333263997956518
210
0
220
0
230
1
100
AcDbArc
50
-180
51
0
0
ARC
5
195
100
AcDbEntity
8
0
100
AcDbCircle
10
-1.6066074457694226
20
-1.8257874082392587
30
0
40
0.02499997146486297
210
0
220
0
230
1
100
AcDbArc
50
0
51
90
0
LINE
5
196
100
AcDbEntity
8
0
100
AcDbLine
10
-1.6982741329613631
20
-1.8007874015748022
30
0
11
-1.6982741329613631
21
-1.9007874047662321
31
0
0
LINE
5
197
100
AcDbEntity
8
0
100
AcDbLine
10
-1.6982741329613631
20
-1.9007874047662321
30
0
11
-1.731607490824902
21
-1.9007874047662321
31
0
0
ARC
5
198
100
AcDbEntity
8
0
100
AcDbCircle
10
-1.731607490824902
20
-1.8841207434342593
30
0
40
0.016666667198571631
210
0
220
0
230
1
100
AcDbArc
50
180
51
270
0
LINE
5
199
100
AcDbEntity
8
0
100
AcDbLine
10
-2.1219419201527989
20
-3.0007874015748062
30
0
11
-2.1469419209506566
21
-3.0007874015748062
31
0
0
LINE
5
200
100
AcDbEntity
8
0
100
AcDbLine
10
-2.1469419209506566
20
-3.0841207434342635
30
0
11
-2.1386085873513707
21
-3.0841207434342635
31
0
0
LINE
5
201
100
AcDbEntity
8
0
100
AcDbLine
10
-2.1552752545499421
20
-3.150787406361951
30
0
11
-2.1219419201527989
21
-3.150787406361951
31
0
0
ARC
5
202
100
AcDbEntity
8
0
100
AcDbCircle
10
-2.1469419209506566
20
-3.0424540754378344
30
0
40
0.041666673863027977
210
0
220
-0
230
1
100
AcDbArc
50
90
51
270
0
ARC
5
203
100
AcDbEntity
8
0
100
AcDbCircle
10
-2.1552752545499421
20
-3.1174540719648078
30
0
40
0.033333334397143262
210
0
220
0
230
1
100
AcDbArc
50
90.00000068324573
51
270
0
ARC
5
204
100
AcDbEntity
8
0
100
AcDbCircle
10
-2.2719419249399437
20
-3.0280851672953539
30
0
40
0.027166526969962166
210
0
220
-0
230
1
100
AcDbArc
50
23.037317834060559
51
156.96268353243002
0
ARC
5
205
100
AcDbEntity
8
0
100
AcDbCircle
10
-2.0952887411192642
20
-3.0757874039683788
30
0
40
0.20992090016756082
210
0
220
0
230
1
100
AcDbArc
50
163.86613814189758
51
196.13386304605385
0
ARC
5
206
100
AcDbEntity
8
0
100
AcDbCircle
10
-2.2719419249399437
20
-3.1238104145357961
30
0
40
0.027042604306120311
210
0
220
0
230
1
100
AcDbArc
50
202.41188417567315
51
337.58810528539385
0
ARC
5
207
100
AcDbEntity
8
0
100
AcDbCircle
10
-2.4485951322270187
20
-3.0757874039683788
30
0
40
0.20992092475264107
210
0
220
0
230
1
100
AcDbArc
50
-16.13386286533251
51
16.13386025384921
0
ARC
5
208
100
AcDbEntity
8
0
100
AcDbCircle
10
-2.388608595329945
20
-3.0280851672953539
30
0
40
0.027166526969962166
210
0
220
-0
230
1
100
AcDbArc
50
23.037317834060559
51
156.96268353243002
0
ARC
5
209
100
AcDbEntity
8
0
100
AcDbCircle
10
-2.2119554115092659
20
-3.0757874039683788
30
0
40
0.20992090016756082
210
0
220
0
230
1
100
AcDbArc
50
163.86613814189755
51
196.13386304605388
0
ARC
5
210
100
AcDbEntity
8
0
100
AcDbCircle
10
-2.388608595329945
20
-3.1238104145357961
30
0
40
0.027042604306120311
210
0
220
0
230
1
100
AcDbArc
50
202.41188417567315
51
337.58810528539385
0
ARC
5
211
100
AcDbEntity
8
0
100
AcDbCircle
10
-2.5652617908838224
20
-3.0757874039683788
30
0
40
0.20992091348155426
210
0
220
0
230
1
100
AcDbArc
50
-16.133863755239041
51
16.133861143755645
0
LINE
5
212
100
AcDbEntity
8
0
100
AcDbLine
10
-2.5302752723844026
20
-3.0007874015748062
30
0
11
-2.5302752723844026
21
-3.0674540703690929
31
0
0
LINE
5
213
100
AcDbEntity
8
0
100
AcDbLine
10
-2.5052752774531442
20
-3.150787406361951
30
0
11
-2.471941943056001
21
-3.0341207359719498
31
0
0
LINE
5
214
100
AcDbEntity
8
0
100
AcDbLine
10
-2.471941943056001
20
-3.0341207359719498
30
0
11
-2.5552752907820571
21
-3.0341207359719498
31
0
0
LINE
5
215
100
AcDbEntity
8
0
100
AcDbLine
10
-2.605275280644574
20
-3.0674540703690929
30
0
11
-2.605275280644574
21
-3.0341207359719498
31
0
0
LINE
5
216
100
AcDbEntity
8
0
100
AcDbLine
10
-2.6719419494388608
20
-3.0341207359719498
30
0
11
-2.6719419494388608
21
-3.0507874031705211
31
0
0
LINE
5
217
100
AcDbEntity
8
0
100
AcDbLine
10
-2.6386085915753217
20
-3.0841207434342635
30
0
11
-2.6136086201104587
21
-3.0841207434342635
31
0
0
ARC
5
218
100
AcDbEntity
8
0
100
AcDbCircle
10
-2.6917195214999938
20
-3.0722541919843449
30
0
40
0.0865774185169398
210
0
220
0
230
1
100
AcDbArc
50
-65.105795291712298
51
3.1782864275048635
0
ARC
5
219
100
AcDbEntity
8
0
100
AcDbCircle
10
-2.6386085915753217
20
-3.0341207359719498
30
0
40
0.033333310930747685
210
0
220
0
230
1
100
AcDbArc
50
0
51
180
0
ARC
5
220
100
AcDbEntity
8
0
100
AcDbCircle
10
-2.6386085915753217
20
-3.0507874031705211
30
0
40
0.033333357863538846
210
0
220
0
230
1
100
AcDbArc
50
180
51
270
0
LINE
5
221
100
AcDbEntity
8
0
100
AcDbLine
10
-2.0499999770967978
20
-1.9174540719648037
30
0
11
-2.083333311493941
21
-1.950787406361947
31
0
0
LINE
5
222
100
AcDbEntity
8
0
100
AcDbLine
10
-2.083333311493941
20
-1.950787406361947
30
0
11
-2.083333311493941
21
-1.8257874082392587
31
0
0
LINE
5
223
100
AcDbEntity
8
0
100
AcDbLine
10
-2.083333311493941
20
-1.8257874082392587
30
0
11
-2.083333311493941
21
-1.8007874015748022
31
0
0
LINE
5
224
100
AcDbEntity
8
0
100
AcDbLine
10
-2.1333333189562547
20
-1.8007874015748022
30
0
11
-2.1833333146853708
21
-1.950787406361947
31
0
0
LINE
5
225
100
AcDbEntity
8
0
100
AcDbLine
10
-2.2916666573426854
20
-1.8007874015748022
30
0
11
-2.2916666573426854
21
-1.8674540703690887
31
0
0
LINE
5
226
100
AcDbEntity
8
0
100
AcDbLine
10
-2.2666666624114269
20
-1.950787406361947
30
0
11
-2.2333333280142833
21
-1.8341207359719456
31
0
0
LINE
5
227
100
AcDbEntity
8
0
100
AcDbLine
10
-2.2333333280142833
20
-1.8341207359719456
30
0
11
-2.3166666757403394
21
-1.8341207359719456
31
0
0
LINE
5
228
100
AcDbEntity
8
0
100
AcDbLine
10
-2.3666666656028568
20
-1.8007874015748022
30
0
11
-2.3666666656028568
21
-1.9257873996974906
31
0
0
LINE
5
229
100
AcDbEntity
8
0
100
AcDbLine
10
-2.3666666656028568
20
-1.9257873996974906
30
0
11
-2.3666666656028568
21
-1.950787406361947
31
0
0
LINE
5
230
100
AcDbEntity
8
0
100
AcDbLine
10
-2.3666666656028568
20
-1.950787406361947
30
0
11
-2.4083333394658846
21
-1.950787406361947
31
0
0
LINE
5
231
100
AcDbEntity
8
0
100
AcDbLine
10
-2.4083333394658846
20
-1.8841207434342593
30
0
11
-2.3666666656028568
21
-1.8841207434342593
31
0
0
LINE
5
232
100
AcDbEntity
8
0
100
AcDbLine
10
-2.4083333394658846
20
-1.8007874015748022
30
0
11
-2.3666666656028568
21
-1.8007874015748022
31
0
0
ARC
5
233
100
AcDbEntity
8
0
100
AcDbCircle
10
-2.4083333394658846
20
-1.9174540719648037
30
0
40
0.033333328530544368
210
0
220
-0
230
1
100
AcDbArc
50
90
51
270
0
ARC
5
234
100
AcDbEntity
8
0
100
AcDbCircle
10
-2.4083333394658846
20
-1.8424540754378302
30
0
40
0.041666673863027977
210
0
220
-0
230
1
100
AcDbArc
50
90
51
270
0
LINE
5
235
100
AcDbEntity
8
0
100
AcDbLine
10
-2.5416666770544576
20
-1.8007874015748022
30
0
11
-2.5250000450554793
21
-1.8007874015748022
31
0
0
LINE
5
236
100
AcDbEntity
8
0
100
AcDbLine
10
-2.5000000266578253
20
-1.8257874082392587
30
0
11
-2.5000000266578253
21
-1.8674540703690887
31
0
0
LINE
5
237
100
AcDbEntity
8
0
100
AcDbLine
10
-2.5333333845213639
20
-1.9007874047662321
30
0
11
-2.5666666954521116
21
-1.9007874047662321
31
0
0
LINE
5
238
100
AcDbEntity
8
0
100
AcDbLine
10
-2.5666666954521116
20
-1.9007874047662321
30
0
11
-2.5666666954521116
21
-1.8174540687733738
31
0
0
ARC
5
239
100
AcDbEntity
8
0
100
AcDbCircle
10
-2.5416666770544576
20
-1.8257874082392587
30
0
40
0.025000006664456342
210
0
220
-0
230
1
100
AcDbArc
50
90
51
180.00000999316433
0
ARC
5
240
100
AcDbEntity
8
0
100
AcDbCircle
10
-2.5250000450554793
20
-1.8257874082392587
30
0
40
0.025000018397654134
210
0
220
0
230
1
100
AcDbArc
50
0
51
90
0
ARC
5
241
100
AcDbEntity
8
0
100
AcDbCircle
10
-2.5333333845213639
20
-1.8674540703690887
30
0
40
0.033333334397143262
210
0
220
0
230
1
100
AcDbArc
50
-90
51
0
0
ARC
5
242
100
AcDbEntity
8
0
100
AcDbCircle
10
-2.5833333743838813
20
-1.8174540687733738
30
0
40
0.016666678931769423
210
0
220
0
230
1
100
AcDbArc
50
0
51
90.00000068324573
0
LINE
5
243
100
AcDbEntity
8
0
100
AcDbLine
10
-2.6666667221099369
20
-1.8007874015748022
30
0
11
-2.6583333826440523
21
-1.8007874015748022
31
0
0
LINE
5
244
100
AcDbEntity
8
0
100
AcDbLine
10
-2.6333333642463983
20
-1.8257874082392587
30
0
11
-2.6333333642463983
21
-1.950787406361947
31
0
0
ARC
5
245
100
AcDbEntity
8
0
100
AcDbCircle
10
-2.6583333826440523
20
-1.8257874082392587
30
0
40
0.025000018397654134
210
0
220
0
230
1
100
AcDbArc
50
0
51
90
0
LINE
5
246
100
AcDbEntity
8
0
100
AcDbLine
10
-2.750000022903202
20
-1.8007874015748022
30
0
11
-2.7416667303701083
21
-1.8007874015748022
31
0
0
LINE
5
247
100
AcDbEntity
8
0
100
AcDbLine
10
-2.7166667119724544
20
-1.8257874082392587
30
0
11
-2.7166667119724544
21
-1.950787406361947
31
0
0
ARC
5
248
100
AcDbEntity
8
0
100
AcDbCircle
10
-2.7416667303701083
20
-1.8257874082392587
30
0
40
0.025000018397654134
210
0
220
0
230
1
100
AcDbArc
50
0
51
90
0
LINE
5
249
100
AcDbEntity
8
0
100
AcDbLine
10
-3.3320866072271746
20
-3.0007874015748062
30
0
11
-3.3570866080250323
21
-3.0007874015748062
31
0
0
LINE
5
250
100
AcDbEntity
8
0
100
AcDbLine
10
-3.3570866080250323
20
-3.0841207434342635
30
0
11
-3.3487532744257464
21
-3.0841207434342635
31
0
0
LINE
5
251
100
AcDbEntity
8
0
100
AcDbLine
10
-3.3654199416243182
20
-3.150787406361951
30
0
11
-3.3320866072271746
21
-3.150787406361951
31
0
0
ARC
5
252
100
AcDbEntity
8
0
100
AcDbCircle
10
-3.3570866080250323
20
-3.0424540754378344
30
0
40
0.041666673863027977
210
0
220
-0
230
1
100
AcDbArc
50
90
51
270
0
ARC
5
253
100
AcDbEntity
8
0
100
AcDbCircle
10
-3.3654199416243182
20
-3.1174540719648078
30
0
40
0.033333334397143262
210
0
220
0
230
1
100
AcDbArc
50
90.00000068324573
51
270
0
ARC
5
254
100
AcDbEntity
8
0
100
AcDbCircle
10
-3.4820866120143195
20
-3.0280851672953539
30
0
40
0.027166526969962166
210
0
220
-0
230
1
100
AcDbArc
50
23.037317834060559
51
156.96268353243002
0
ARC
5
255
100
AcDbEntity
8
0
100
AcDbCircle
10
-3.3054334281936399
20
-3.0757874039683788
30
0
40
0.20992090016756082
210
0
220
0
230
1
100
AcDbArc
50
163.86613814189758
51
196.13386304605388
0
ARC
5
256
100
AcDbEntity
8
0
100
AcDbCircle
10
-3.4820866120143195
20
-3.1238104145357961
30
0
40
0.027042604306119988
210
0
220
0
230
1
100
AcDbArc
50
202.41188417567352
51
337.58810528539385
0
ARC
5
257
100
AcDbEntity
8
0
100
AcDbCircle
10
-3.6587398193013945
20
-3.0757874039683788
30
0
40
0.20992092475264107
210
0
220
0
230
1
100
AcDbArc
50
-16.13386286533251
51
16.13386025384921
0
ARC
5
258
100
AcDbEntity
8
0
100
AcDbCircle
10
-3.5987532824043211
20
-3.0280851672953539
30
0
40
0.027166526969962166
210
0
220
-0
230
1
100
AcDbArc
50
23.037317834060183
51
156.96268353242965
0
ARC
5
259
100
AcDbEntity
8
0
100
AcDbCircle
10
-3.4221000985836416
20
-3.0757874039683788
30
0
40
0.20992090016756082
210
0
220
0
230
1
100
AcDbArc
50
163.86613814189755
51
196.13386304605388
0
ARC
5
260
100
AcDbEntity
8
0
100
AcDbCircle
10
-3.5987532824043211
20
-3.1238104145357961
30
0
40
0.027042604306119988
210
0
220
0
230
1
100
AcDbArc
50
202.41188417567352
51
337.58810528539385
0
ARC
5
261
100
AcDbEntity
8
0
100
AcDbCircle
10
-3.7754064779581982
20
-3.0757874039683788
30
0
40
0.20992091348155426
210
0
220
0
230
1
100
AcDbArc
50
-16.133863755239091
51
16.133861143755645
0
LINE
5
262
100
AcDbEntity
8
0
100
AcDbLine
10
-3.6820866301303767
20
-3.0674540703690929
30
0
11
-3.6820866301303767
21
-3.0341207359719498
31
0
0
LINE
5
263
100
AcDbEntity
8
0
100
AcDbLine
10
-3.7487532989246635
20
-3.0341207359719498
30
0
11
-3.7487532989246635
21
-3.0507874031705211
31
0
0
LINE
5
264
100
AcDbEntity
8
0
100
AcDbLine
10
-3.7154199645275203
20
-3.0841207434342635
30
0
11
-3.6904199695962614
21
-3.0841207434342635
31
0
0
ARC
5
265
100
AcDbEntity
8
0
100
AcDbCircle
10
-3.7685308709857965
20
-3.0722541919843449
30
0
40
0.086577418516939952
210
0
220
0
230
1
100
AcDbArc
50
-65.105795291712042
51
3.1782864275048635
0
ARC
5
266
100
AcDbEntity
8
0
100
AcDbCircle
10
-3.7154199645275203
20
-3.0341207359719498
30
0
40
0.033333334397143262
210
0
220
0
230
1
100
AcDbArc
50
0
51
180
0
ARC
5
267
100
AcDbEntity
8
0
100
AcDbCircle
10
-3.7154199645275203
20
-3.0507874031705211
30
0
40
0.033333334397143262
210
0
220
0
230
1
100
AcDbArc
50
180
51
270
0
LINE
5
268
100
AcDbEntity
8
0
100
AcDbLine
10
-3.8654199575814672
20
-3.0007874015748062
30
0
11
-3.7987532887871804
21
-3.0007874015748062
31
0
0
LINE
5
269
100
AcDbEntity
8
0
100
AcDbLine
10
-3.7987532887871804
20
-3.0007874015748062
30
0
11
-3.8570866181155825
21
-3.0924540711669501
31
0
0
ARC
5
270
100
AcDbEntity
8
0
100
AcDbCircle
10
-3.8205603755365201
20
-3.1192939664435233
30
0
40
0.045327104202694063
210
0
220
0
230
1
100
AcDbArc
50
143.69113430252301
51
188.23637570973023
0
ARC
5
271
100
AcDbEntity
8
0
100
AcDbCircle
10
-3.8320865997179281
20
-3.1159738938639516
30
0
40
0.034747916734209898
210
0
220
0
230
1
100
AcDbArc
50
196.40469922371668
51
343.59529764155485
0
LINE
5
272
100
AcDbEntity
8
0
100
AcDbLine
10
-3.2583333165626822
20
-1.9174540719648037
30
0
11
-3.2916666509598258
21
-1.950787406361947
31
0
0
LINE
5
273
100
AcDbEntity
8
0
100
AcDbLine
10
-3.2916666509598258
20
-1.950787406361947
30
0
11
-3.2916666509598258
21
-1.8257874082392587
31
0
0
LINE
5
274
100
AcDbEntity
8
0
100
AcDbLine
10
-3.2916666509598258
20
-1.8257874082392587
30
0
11
-3.2916666509598258
21
-1.8007874015748022
31
0
0
LINE
5
275
100
AcDbEntity
8
0
100
AcDbLine
10
-3.3416666584221395
20
-1.8007874015748022
30
0
11
-3.3916666541512552
21
-1.950787406361947
31
0
0
LINE
5
276
100
AcDbEntity
8
0
100
AcDbLine
10
-3.5083333362744549
20
-1.8007874015748022
30
0
11
-3.4416666674801681
21
-1.8007874015748022
31
0
0
LINE
5
277
100
AcDbEntity
8
0
100
AcDbLine
10
-3.4416666674801681
20
-1.8007874015748022
30
0
11
-3.4999999968085698
21
-1.8924540711669462
31
0
0
ARC
5
278
100
AcDbEntity
8
0
100
AcDbCircle
10
-3.4634737542295078
20
-1.9192939664435189
30
0
40
0.045327104202694063
210
0
220
0
230
1
100
AcDbArc
50
143.69113430252315
51
188.23637570973023
0
ARC
5
279
100
AcDbEntity
8
0
100
AcDbCircle
10
-3.4750000018773113
20
-1.9159738938639475
30
0
40
0.0347478942231128
210
0
220
0
230
1
100
AcDbArc
50
196.40471015160304
51
343.59529764155519
0
LINE
5
280
100
AcDbEntity
8
0
100
AcDbLine
10
-3.5583333496033673
20
-1.8007874015748022
30
0
11
-3.5583333496033673
21
-1.9257873996974906
31
0
0
LINE
5
281
100
AcDbEntity
8
0
100
AcDbLine
10
-3.5583333496033673
20
-1.9257873996974906
30
0
11
-3.5583333496033673
21
-1.950787406361947
31
0
0
LINE
5
282
100
AcDbEntity
8
0
100
AcDbLine
10
-3.5583333496033673
20
-1.950787406361947
30
0
11
-3.6000000234663951
21
-1.950787406361947
31
0
0
LINE
5
283
100
AcDbEntity
8
0
100
AcDbLine
10
-3.6000000234663951
20
-1.8841207434342593
30
0
11
-3.5583333496033673
21
-1.8841207434342593
31
0
0
LINE
5
284
100
AcDbEntity
8
0
100
AcDbLine
10
-3.6000000234663951
20
-1.8007874015748022
30
0
11
-3.5583333496033673
21
-1.8007874015748022
31
0
0
ARC
5
285
100
AcDbEntity
8
0
100
AcDbCircle
10
-3.6000000234663951
20
-1.9174540719648037
30
0
40
0.033333328530544368
210
0
220
-0
230
1
100
AcDbArc
50
90
51
270
0
ARC
5
286
100
AcDbEntity
8
0
100
AcDbCircle
10
-3.6000000234663951
20
-1.8424540754378302
30
0
40
0.041666673863027977
210
0
220
-0
230
1
100
AcDbArc
50
90
51
270
0
LINE
5
287
100
AcDbEntity
8
0
100
AcDbLine
10
-3.7333333375885727
20
-1.8007874015748022
30
0
11
-3.7166667055895943
21
-1.8007874015748022
31
0
0
LINE
5
288
100
AcDbEntity
8
0
100
AcDbLine
10
-3.6916666871919404
20
-1.8257874082392587
30
0
11
-3.6916666871919404
21
-1.8674540703690887
31
0
0
LINE
5
289
100
AcDbEntity
8
0
100
AcDbLine
10
-3.7250000450554794
20
-1.9007874047662321
30
0
11
-3.7583333559862271
21
-1.9007874047662321
31
0
0
LINE
5
290
100
AcDbEntity
8
0
100
AcDbLine
10
-3.7583333559862271
20
-1.9007874047662321
30
0
11
-3.7583333559862271
21
-1.8174540687733738
31
0
0
ARC
5
291
100
AcDbEntity
8
0
100
AcDbCircle
10
-3.7333333375885727
20
-1.8257874082392587
30
0
40
0.025000006664456342
210
0
220
-0
230
1
100
AcDbArc
50
90
51
180.00000999316433
0
ARC
5
292
100
AcDbEntity
8
0
100
AcDbCircle
10
-3.7166667055895943
20
-1.8257874082392587
30
0
40
0.025000018397654134
210
0
220
0
230
1
100
AcDbArc
50
0
51
90
0
ARC
5
293
100
AcDbEntity
8
0
100
AcDbCircle
10
-3.7250000450554794
20
-1.8674540703690887
30
0
40
0.033333334397143262
210
0
220
0
230
1
100
AcDbArc
50
-90
51
0
0
ARC
5
294
100
AcDbEntity
8
0
100
AcDbCircle
10
-3.7750000349179964
20
-1.8174540687733738
30
0
40
0.016666678931769423
210
0
220
0
230
1
100
AcDbArc
50
0
51
90.00000068324421
0
LINE
5
295
100
AcDbEntity
8
0
100
AcDbLine
10
-3.8583333826440525
20
-1.8007874015748022
30
0
11
-3.8500000431781678
21
-1.8007874015748022
31
0
0
LINE
5
296
100
AcDbEntity
8
0
100
AcDbLine
10
-3.8250000247805134
20
-1.8257874082392587
30
0
11
-3.8250000247805134
21
-1.950787406361947
31
0
0
ARC
5
297
100
AcDbEntity
8
0
100
AcDbCircle
10
-3.8500000431781678
20
-1.8257874082392587
30
0
40
0.025000018397654134
210
0
220
0
230
1
100
AcDbArc
50
0
51
90
0
LINE
5
298
100
AcDbEntity
8
0
100
AcDbLine
10
-3.9416666834373171
20
-1.8007874015748022
30
0
11
-3.9333333909042234
21
-1.8007874015748022
31
0
0
LINE
5
299
100
AcDbEntity
8
0
100
AcDbLine
10
-3.9083333725065694
20
-1.8257874082392587
30
0
11
-3.9083333725065694
21
-1.950787406361947
31
0
0
ARC
5
300
100
AcDbEntity
8
0
100
AcDbCircle
10
-3.9333333909042234
20
-1.8257874082392587
30
0
40
0.025000018397654134
210
0
220
0
230
1
100
AcDbArc
50
0
51
90
0
LINE
5
301
100
AcDbEntity
8
0
100
AcDbLine
10
-4.3962270417551359
20
-1.8007874015748022
30
0
11
-4.4462270433508504
21
-1.8007874015748022
31
0
0
LINE
5
302
100
AcDbEntity
8
0
100
AcDbLine
10
-4.4795603836145927
20
-1.8341207359719456
30
0
11
-4.4795603836145927
21
-1.9174540719648037
31
0
0
LINE
5
303
100
AcDbEntity
8
0
100
AcDbLine
10
-4.4462270433508504
20
-1.950787406361947
30
0
11
-4.3962270417551359
21
-1.950787406361947
31
0
0
LINE
5
304
100
AcDbEntity
8
0
100
AcDbLine
10
-4.3962270417551359
20
-1.950787406361947
30
0
11
-4.3962270417551359
21
-1.8257874082392587
31
0
0
LINE
5
305
100
AcDbEntity
8
0
100
AcDbLine
10
-4.3962270417551359
20
-1.8257874082392587
30
0
11
-4.3962270417551359
21
-1.8007874015748022
31
0
0
ARC
5
306
100
AcDbEntity
8
0
100
AcDbCircle
10
-4.4462270433508504
20
-1.8341207359719456
30
0
40
0.033333334397143262
210
0
220
-0
230
1
100
AcDbArc
50
90
51
180
0
ARC
5
307
100
AcDbEntity
8
0
100
AcDbCircle
10
-4.4462270433508504
20
-1.9174540719648037
30
0
40
0.033333340263742156
210
0
220
0
230
1
100
AcDbArc
50
180
51
270
0
LWPOLYLINE
5
308
100
AcDbEntity
8
0
100
AcDbPolyline
90
4
70
1
43
0.0
10
-4.5962270481379957
20
-1.8674540703690887
10
-4.5962270481379957
20
-1.8341207359719456
42
-0.99999999999999989
10
-4.5295603793437085
20
-1.8341207359719456
10
-4.5295603793437085
20
-1.8674540703690887
42
-0.99999999999999989
0
LINE
5
309
100
AcDbEntity
8
0
100
AcDbLine
10
-4.6462270380005126
20
-1.9007874047662321
30
0
11
-4.6795603723976553
21
-1.8007874015748022
31
0
0
LINE
5
310
100
AcDbEntity
8
0
100
AcDbLine
10
-4.6795603723976553
20
-1.8007874015748022
30
0
11
-4.7128937067947989
21
-1.9007874047662321
31
0
0
LINE
5
311
100
AcDbEntity
8
0
100
AcDbLine
10
-4.7628936966573159
20
-1.8507874031705172
30
0
11
-4.8295603654516031
21
-1.8507874031705172
31
0
0
LINE
5
312
100
AcDbEntity
8
0
100
AcDbLine
10
-4.8295603654516031
20
-1.8507874031705172
30
0
11
-4.8295603654516031
21
-1.8674540703690887
31
0
0
LINE
5
313
100
AcDbEntity
8
0
100
AcDbLine
10
-4.7628936966573159
20
-1.8674540703690887
30
0
11
-4.7628936966573159
21
-1.8257874082392587
31
0
0
LINE
5
314
100
AcDbEntity
8
0
100
AcDbLine
10
-4.7878936915885744
20
-1.8007874015748022
30
0
11
-4.8295603654516031
21
-1.8007874015748022
31
0
0
ARC
5
315
100
AcDbEntity
8
0
100
AcDbCircle
10
-4.7962270545208545
20
-1.8674540703690887
30
0
40
0.033333310930747685
210
0
220
0
230
1
100
AcDbArc
50
-180
51
0
0
ARC
5
316
100
AcDbEntity
8
0
100
AcDbCircle
10
-4.7878936915885744
20
-1.8257874082392587
30
0
40
0.024999994931258554
210
0
220
0
230
1
100
AcDbArc
50
0
51
90
0
LINE
5
317
100
AcDbEntity
8
0
100
AcDbLine
10
-4.8962270342458893
20
-1.8007874015748022
30
0
11
-4.8962270342458893
21
-1.9257873996974906
31
0
0
LINE
5
318
100
AcDbEntity
8
0
100
AcDbLine
10
-4.8962270342458893
20
-1.9257873996974906
30
0
11
-4.8962270342458893
21
-1.950787406361947
31
0
0
LINE
5
319
100
AcDbEntity
8
0
100
AcDbLine
10
-4.87956035531412
20
-1.9007874047662321
30
0
11
-4.929560345176637
21
-1.9007874047662321
31
0
0
LINE
5
320
100
AcDbEntity
8
0
100
AcDbLine
10
-5.0212269854357867
20
-1.8007874015748022
30
0
11
-5.0045603534368084
21
-1.8007874015748022
31
0
0
LINE
5
321
100
AcDbEntity
8
0
100
AcDbLine
10
-4.979560335039154
20
-1.8257874082392587
30
0
11
-4.979560335039154
21
-1.8674540703690887
31
0
0
LINE
5
322
100
AcDbEntity
8
0
100
AcDbLine
10
-5.0128936929026926
20
-1.9007874047662321
30
0
11
-5.0462270038334402
21
-1.9007874047662321
31
0
0
LINE
5
323
100
AcDbEntity
8
0
100
AcDbLine
10
-5.0462270038334402
20
-1.9007874047662321
30
0
11
-5.0462270038334402
21
-1.8174540687733738
31
0
0
ARC
5
324
100
AcDbEntity
8
0
100
AcDbCircle
10
-5.0212269854357867
20
-1.8257874082392587
30
0
40
0.025000006664456342
210
0
220
-0
230
1
100
AcDbArc
50
90
51
180.00000999316433
0
ARC
5
325
100
AcDbEntity
8
0
100
AcDbCircle
10
-5.0045603534368084
20
-1.8257874082392587
30
0
40
0.025000018397654134
210
0
220
0
230
1
100
AcDbArc
50
0
51
90
0
ARC
5
326
100
AcDbEntity
8
0
100
AcDbCircle
10
-5.0128936929026926
20
-1.8674540703690887
30
0
40
0.033333334397143262
210
0
220
0
230
1
100
AcDbArc
50
-90
51
0
0
ARC
5
327
100
AcDbEntity
8
0
100
AcDbCircle
10
-5.0628936827652096
20
-1.8174540687733738
30
0
40
0.016666678931769423
210
0
220
0
230
1
100
AcDbArc
50
0
51
90.00000068324421
0
LINE
5
328
100
AcDbEntity
8
0
100
AcDbLine
10
-5.117060318894274
20
-1.8007874015748022
30
0
11
-5.117060318894274
21
-1.8507874031705172
31
0
0
LINE
5
329
100
AcDbEntity
8
0
100
AcDbLine
10
-5.117060318894274
20
-1.8507874031705172
30
0
11
-5.117060318894274
21
-1.9007874047662321
31
0
0
CIRCLE
5
330
100
AcDbEntity
8
0
100
AcDbCircle
10
-5.117060318894274
20
-1.9466207366290045
30
0
40
0.0041666667996429077
210
0
220
0
230
1
0
LINE
5
331
100
AcDbEntity
8
0
100
AcDbLine
10
-5.2045603598196672
20
-1.8007874015748022
30
0
11
-5.196226973420992
21
-1.8007874015748022
31
0
0
LINE
5
332
100
AcDbEntity
8
0
100
AcDbLine
10
-5.1712270019561286
20
-1.8257874082392587
30
0
11
-5.1712270019561286
21
-1.950787406361947
31
0
0
ARC
5
333
100
AcDbEntity
8
0
100
AcDbCircle
10
-5.196226973420992
20
-1.8257874082392587
30
0
40
0.02499997146486297
210
0
220
0
230
1
100
AcDbArc
50
0
51
90
0
LINE
5
334
100
AcDbEntity
8
0
100
AcDbLine
10
-4.3753936696240281
20
-3.0007874015748062
30
0
11
-4.4003936704218862
21
-3.0007874015748062
31
0
0
LINE
5
335
100
AcDbEntity
8
0
100
AcDbLine
10
-4.4003936704218862
20
-3.0841207434342635
30
0
11
-4.3920603368225999
21
-3.0841207434342635
31
0
0
LINE
5
336
100
AcDbEntity
8
0
100
AcDbLine
10
-4.4087270040211717
20
-3.150787406361951
30
0
11
-4.3753936696240281
21
-3.150787406361951
31
0
0
ARC
5
337
100
AcDbEntity
8
0
100
AcDbCircle
10
-4.4003936704218862
20
-3.0424540754378344
30
0
40
0.041666673863027977
210
0
220
-0
230
1
100
AcDbArc
50
90
51
270
0
ARC
5
338
100
AcDbEntity
8
0
100
AcDbCircle
10
-4.4087270040211717
20
-3.1174540719648078
30
0
40
0.033333334397143262
210
0
220
0
230
1
100
AcDbArc
50
90.00000068324573
51
270
0
LINE
5
339
100
AcDbEntity
8
0
100
AcDbLine
10
-4.5587270088083161
20
-3.0007874015748062
30
0
11
-4.4920603400140298
21
-3.0007874015748062
31
0
0
LINE
5
340
100
AcDbEntity
8
0
100
AcDbLine
10
-4.4920603400140298
20
-3.0007874015748062
30
0
11
-4.5503936810756294
21
-3.0924540711669501
31
0
0
ARC
5
341
100
AcDbEntity
8
0
100
AcDbCircle
10
-4.5138674267633698
20
-3.1192939664435233
30
0
40
0.045327113657735597
210
0
220
0
230
1
100
AcDbArc
50
143.69114308473218
51
188.2363757097304
0
ARC
5
342
100
AcDbEntity
8
0
100
AcDbCircle
10
-4.5253936744111734
20
-3.1159738938639516
30
0
40
0.0347478942231128
210
0
220
0
230
1
100
AcDbArc
50
196.40471015160384
51
343.59529764155508
0
LINE
5
343
100
AcDbEntity
8
0
100
AcDbLine
10
-4.6753936791983177
20
-3.0007874015748062
30
0
11
-4.6087270104040314
21
-3.0007874015748062
31
0
0
LINE
5
344
100
AcDbEntity
8
0
100
AcDbLine
10
-4.6087270104040314
20
-3.0007874015748062
30
0
11
-4.6670603397324335
21
-3.0924540711669501
31
0
0
ARC
5
345
100
AcDbEntity
8
0
100
AcDbCircle
10
-4.6305340971533706
20
-3.1192939664435233
30
0
40
0.045327104202694063
210
0
220
0
230
1
100
AcDbArc
50
143.69113430252335
51
188.23637570973023
0
ARC
5
346
100
AcDbEntity
8
0
100
AcDbCircle
10
-4.6420603448011741
20
-3.1159738938639516
30
0
40
0.0347478942231128
210
0
220
0
230
1
100
AcDbArc
50
196.40471015160341
51
343.59529764155462
0
LINE
5
347
100
AcDbEntity
8
0
100
AcDbLine
10
-4.7503936874584891
20
-3.0007874015748062
30
0
11
-4.7920603613215169
21
-3.150787406361951
31
0
0
LINE
5
348
100
AcDbEntity
8
0
100
AcDbLine
10
-4.7920603613215169
20
-3.150787406361951
30
0
11
-4.7253936925272306
21
-3.150787406361951
31
0
0
LINE
5
349
100
AcDbEntity
8
0
100
AcDbLine
10
-4.9087270199783211
20
-3.0007874015748062
30
0
11
-4.8420603511840339
21
-3.0007874015748062
31
0
0
LINE
5
350
100
AcDbEntity
8
0
100
AcDbLine
10
-4.8420603511840339
20
-3.0007874015748062
30
0
11
-4.900393680512436
21
-3.0924540711669501
31
0
0
ARC
5
351
100
AcDbEntity
8
0
100
AcDbCircle
10
-4.8638674379333739
20
-3.1192939664435233
30
0
40
0.045327104202694063
210
0
220
0
230
1
100
AcDbArc
50
143.69113430252267
51
188.23637570973023
0
ARC
5
352
100
AcDbEntity
8
0
100
AcDbCircle
10
-4.8753936621147815
20
-3.1159738938639516
30
0
40
0.034747916734209898
210
0
220
0
230
1
100
AcDbArc
50
196.40469922371651
51
343.59529764155462
0
LINE
5
353
100
AcDbEntity
8
0
100
AcDbLine
10
-4.958727009840838
20
-3.0507874031705211
30
0
11
-5.0253936786351243
21
-3.0507874031705211
31
0
0
ARC
5
354
100
AcDbEntity
8
0
100
AcDbCircle
10
-5.1087269794283889
20
-3.0280851672953539
30
0
40
0.027166526969962166
210
0
220
-0
230
1
100
AcDbArc
50
23.037317834060559
51
156.96268353243002
0
ARC
5
355
100
AcDbEntity
8
0
100
AcDbCircle
10
-4.9320738308073029
20
-3.0757874039683788
30
0
40
0.20992086635430038
210
0
220
0
230
1
100
AcDbArc
50
163.86613547217732
51
196.13386304605385
0
ARC
5
356
100
AcDbEntity
8
0
100
AcDbCircle
10
-5.1087269794283889
20
-3.1238104145357961
30
0
40
0.027042636846984852
210
0
220
0
230
1
100
AcDbArc
50
202.4118557418721
51
337.58810528539385
0
ARC
5
357
100
AcDbEntity
8
0
100
AcDbCircle
10
-5.2853802219150579
20
-3.0757874039683788
30
0
40
0.20992095856590179
210
0
220
0
230
1
100
AcDbArc
50
-16.133860195613231
51
16.133857584130332
0
LINE
5
358
100
AcDbEntity
8
0
100
AcDbLine
10
-5.1920603740872364
20
-3.1174540719648078
30
0
11
-5.2253937319507751
21
-3.150787406361951
31
0
0
LINE
5
359
100
AcDbEntity
8
0
100
AcDbLine
10
-5.2253937319507751
20
-3.150787406361951
30
0
11
-5.2253937319507751
21
-3.0257874082392626
31
0
0
LINE
5
360
100
AcDbEntity
8
0
100
AcDbLine
10
-5.2253937319507751
20
-3.0257874082392626
30
0
11
-5.2253937319507751
21
-3.0007874015748062
31
0
0
ENDSEC
0
SECTION
2
OBJECTS
0
DICTIONARY
5
C
100
AcDbDictionary
3
ACAD_GROUP
350
D
3
ACAD_MLINESTYLE
350
17
0
DICTIONARY
5
D
100
AcDbDictionary
0
DICTIONARY
5
1A
330
C
100
AcDbDictionary
0
DICTIONARY
5
17
100
AcDbDictionary
0
ENDSEC
0
EOF
